 domain  origin  n_train best_order  best_aic  aic_200  delta_aic_200  rank_200  n_models  adf_p
   wind     264      216  (1, 0, 0)   966.321  967.974          1.653         5        21  0.346
   wind     720      672  (2, 0, 1)  3204.051 3212.258          8.208         9        20  0.000
   wind    1152      720  (1, 0, 1)  3788.865 3789.472          0.607         2        21  0.000
   wind    1608      720  (1, 0, 1)  3497.571 3498.605          1.033         2        21  0.000
   wind    2040      720  (2, 0, 2)  2968.218 3002.513         34.295        14        21  0.013
   wind    2496      720  (1, 0, 4)  3060.334 3069.791          9.458         4        21  0.062
   wind    2928      720  (2, 0, 1)  3320.956 3332.182         11.226        14        21  0.000
   wind    3384      720  (1, 0, 1)  3155.752 3156.306          0.554         2        21  0.000
   wind    3840      720  (1, 0, 1)  3083.146 3083.412          0.266         2        21  0.000
   wind    4272      720  (1, 0, 0)  3327.838 3329.368          1.530         3        20  0.000
   wind    4728      720  (1, 0, 0)  3344.127 3344.360          0.233         3        21  0.000
   wind    5160      720  (2, 0, 3)  3241.380 3249.568          8.188         9        21  0.000
   wind    5616      720  (2, 0, 3)  3355.738 3366.967         11.229         3        20  0.000
   wind    6072      720  (1, 0, 0)  3198.338 3199.788          1.451         4        20  0.000
   wind    6504      720  (1, 0, 0)  3231.108 3231.596          0.488         5        21  0.000
   wind    6960      720  (5, 0, 0)  3165.652 3177.230         11.577        10        20  0.000
   wind    7392      720  (1, 0, 2)  3117.634 3128.110         10.476        14        21  0.000
   wind    7848      720  (1, 0, 0)  2870.593 2872.560          1.967         8        20  0.000
   wind    8280      720  (3, 0, 2)  3410.564 3415.938          5.374        14        21  0.000
   wind    8736      720  (4, 0, 0)  2979.549 3008.709         29.160        13        21  0.000
traffic     264      216  (1, 0, 1)  1690.820 1690.846          0.026         2        21  0.000
traffic     408      360  (1, 0, 0)  2754.656 2756.655          1.998         3        21  0.000
traffic     528      480  (1, 0, 0)  3776.417 3778.417          2.000         5        21  0.000
traffic     672      624  (1, 0, 4)  4888.033 4897.955          9.922        11        20  0.000
traffic     816      720  (1, 0, 4)  5619.668 5630.768         11.099        13        21  0.000
traffic     936      720  (1, 0, 3)  5682.748 5716.494         33.746        14        21  0.000
traffic    1080      720  (3, 0, 1)  5711.576 5742.492         30.916        14        21  0.000
traffic    1200      720  (1, 0, 3)  5743.170 5776.468         33.298        14        21  0.000
traffic    1344      720  (4, 0, 0)  5679.413 5720.122         40.709        14        21  0.000
traffic    1488      720  (4, 0, 0)  5592.103 5623.145         31.041        14        21  0.000
traffic    1608      720  (3, 0, 1)  5577.871 5590.687         12.816        14        21  0.000
traffic    1752      720  (1, 0, 3)  5444.979 5449.945          4.966        14        21  0.000
traffic    1896      720  (3, 0, 2)  5455.451 5456.696          1.245         5        21  0.000
traffic    2016      720  (1, 0, 1)  5370.652 5375.200          4.548        13        21  0.000
traffic    2160      720  (3, 0, 1)  5344.324 5412.809         68.485        14        21  0.870
traffic    2280      720  (3, 0, 1)  5479.343 5532.096         52.753        14        21  0.032
traffic    2424      720  (3, 0, 1)  5611.133 5644.797         33.664        14        21  0.001
traffic    2568      720  (2, 0, 2)  5593.877 5632.634         38.757        14        21  0.034
traffic    2688      720  (2, 0, 2)  5731.800 5760.399         28.599        14        21  0.000
traffic    2832      720  (2, 0, 2)  5737.096 5764.578         27.482        14        21  0.000

traffic: best_order counts -> {'(3, 0, 1)': 5, '(1, 0, 3)': 3, '(2, 0, 2)': 3, '(1, 0, 1)': 2, '(1, 0, 0)': 2, '(1, 0, 4)': 2, '(4, 0, 0)': 2, '(3, 0, 2)': 1}
  delta_AIC(2,0,0)-best: median=28.04 max=68.49; rank(2,0,0): median=14, in top3=2/20, within dAIC<=2: 4/20; ADF p>0.05: 1/20

wind: best_order counts -> {'(1, 0, 0)': 6, '(1, 0, 1)': 4, '(2, 0, 1)': 2, '(2, 0, 3)': 2, '(2, 0, 2)': 1, '(1, 0, 4)': 1, '(5, 0, 0)': 1, '(1, 0, 2)': 1, '(3, 0, 2)': 1, '(4, 0, 0)': 1}
  delta_AIC(2,0,0)-best: median=3.67 max=34.29; rank(2,0,0): median=5, in top3=7/20, within dAIC<=2: 10/20; ADF p>0.05: 2/20
